heh20 0
0 0
20 0
1 0
23 0
1 0
3 0
0 0
0 0
8 0
0 0
3 0
14 0
3 0
8 0
1 0
46 0
0 0
14 0
3 0
8 0
2 0
1 0
0 0
0 0
20 0
1 0
23 0
1 0
3 0
0 0
2 0
88 0
41 0
0 0
0 0
0 0
88 0
3 0
2 0
16 0
-6 -1
18 0
2 0
92 0
2 0
18 0
2 0
64 0
52 0
16 0
256 0
1 0
0 0
0 0
0 0
3 0
102 15 0 1
102 14 0 1
102 9 20 1
102 8 1 1
102 16 23 1
102 17 1 1
102 11 3 1
102 10 0 1
1 2 2 1
1 9 88 2
1 1 41 2
1 12 0 2
1 6 0 2
1 5 0 2
102 9 88 2
102 11 3 2
102 8 2 2
102 16 16 2
102 17 4294967290 2
18 2 18 2
102 7 2 18
102 9 92 18
102 11 2 18
102 8 18 18
102 16 2 18
102 17 64 18
102 1 52 18
103 13 16 18
103 19 256 18
103 2 1 18
102 15 0 1
102 14 0 1
102 9 20 1
102 8 1 1
102 16 23 1
102 17 1 1
102 11 3 1
102 10 0 1
3 2 8 1
102 15 0 8
102 7 3 8
102 9 14 8
102 11 3 8
102 8 8 8
102 10 1 8
103 2 46 8
102 15 0 46
102 9 14 46
102 11 3 46
102 8 8 46
102 10 2 46
103 2 1 46
102 15 0 1
102 14 0 1
102 9 20 1
102 8 1 1
102 16 23 1
102 17 1 1
102 11 3 1
102 10 0 1
1 2 2 1
1 9 88 2
1 1 41 2
1 12 0 2
1 6 0 2
1 5 0 2
102 9 88 2
102 11 3 2
102 8 2 2
102 16 16 2
102 17 4294967290 2
19 2 3 2
19 1 3 3
102 8 3 3
102 16 16 3
102 17 4294967290 3
16 2 20 3
102 7 1 20
102 9 92 20
102 11 2 20
102 8 10 20
102 16 41 20
102 17 4294967290 20
102 1 54 20
102 13 1024 20
103 19 1024 20
103 2 1 20
102 15 0 1
102 14 0 1
102 15 0 8
102 7 3 8
102 15 0 1
102 14 0 1
102 9 20 1
102 8 1 1
102 16 23 1
102 17 1 1
102 11 3 1
102 10 0 1
2 3 0 1
2 2 8 1
102 15 0 8
102 9 14 8
102 11 3 8
102 8 8 8
102 10 1 8
103 2 46 8
102 15 0 46
102 9 14 46
102 11 3 46
102 8 8 46
102 10 2 46
103 2 1 46
102 15 0 1
102 14 0 1
102 9 20 1
102 8 1 1
102 16 23 1
102 17 1 1
102 11 3 1
102 10 0 1
1 2 2 1
1 9 88 2
1 1 41 2
1 12 0 2
1 6 0 2
1 5 0 2
102 9 88 2
102 11 3 2
102 8 2 2
102 16 16 2
102 17 4294967290 2
18 2 18 2
102 7 2 18
102 9 92 18
102 11 2 18
102 8 18 18
102 16 2 18
102 17 64 18
102 1 52 18
103 13 16 18
103 19 256 18
103 2 1 18
102 15 0 1
102 14 0 1
102 15 0 8
102 9 14 8
102 11 3 8
102 8 8 8
102 10 1 8
103 2 46 8
102 15 0 46
102 9 14 46
102 11 3 46
102 8 8 46
102 10 2 46
103 2 1 46
102 15 0 1
102 14 0 1
102 9 20 1
102 8 1 1
102 16 23 1
102 17 1 1
102 11 3 1
102 10 0 1
